74950257777
74951165065
74958033355
74951165162
74951165183
74951165258
74951165280
74951165386
74951165484
74951165632
74951165640
74951165797
74958033062
74951165052
74951165059
74951165070
74951165073
74951165075
74951165115
74951165224
74951165365
74951165376
74951165467
74951166972
74951165716
74951166898
74951165177
74951165747
74951166976
74958033536
74958033699
74951165364
74951165415
74951165459
74951165575
74951165729
74951166886
74951165269
74951165199
74951165622
74951165490
74951165649
74951166210
74951166489
74951166975
74951165017
74951165083
74951165143
74951165225
74951165406
74951165503
74951165605
74951165652
74958034355
74951165025
74951165161
74951165245
74951165263
74951165446
74951165574
74951165081
74951165300
74951165623
74951165648
74951165677
74958032980
74958033219
74994264557
74994264684
74951165508
74951165633
74951165657
74951165805
74951165638
74951165740
74951166974
74951165378
74951166970
74958033704
74951165002
74951165107
74951165239
74951165379
74951165441
74951165504
74958033397
74952584400
74958033770
74951166661
74958033911
74951165139
74951165060
74951165153
74951165671
74951165673
74951166688
74958033609
74951165509
74951165635
74951165181
74951166600
74951165702
74951165030
74951165262
74951165647
74951165297
74951165131
74951165145
74951165539
74958034260
74951166155
74958033730
74958033780
74958034460
74951165644
74951165682
74951166066
74956621395
74958033250
74951165697
74951165651
74951165678
74958033783
74951165708
74958033385
74951165578
74951165838
74958032873
74958034371
74958033900
74951165472
74951165655
74951165323
74951165634
74958033000
74958033616
74951165016
74951165040
74958034053
74951165563
74951166977
74951165158
74956442270
74951165694
74951165753
74958034344
74951165329
74951166000
74951165405
74951166973
74958034461
74958033568
74951165114
74951165150
74951165771
74958032717
74958033405
74951165885
74951165699
74994264505
74951165888
74951165531
74951165645
74951165870
74951165140
74951165334
74951165625
74951165979
74958033613
74951165171
74958032925
74951165542
74951166556
74951165706
74951165179
74951166782
74951166111
74951165788
74951165656
74951165499
74951166363
74958033231
74958033642
74951166252
74951166761
74958032862
74951165586
74951165541
74951166770
74951166678
74958033777
74951165540
74951165770
74951165825
74958032122
74958032472
74951165583
74958032303
74958032133
74958033655
74958032291
74958032510
74994264646
74958405444
74994264545
74994264523
74958033255
74958033326
74958033386
74958033387
74958033590
74958033640
74958033658
74958033660
74958033667
74958033719
74958034171
74958034304
74958032134
74958032670
74958033602
74958033746
74994264500
74994264508
74994264509
74994264606
74951165112
74951165670
74958033697
74994264519
74994264521
74994264601
74994264633
74994264639
74994264640
74994264658
74951165126
74951165698
74958033960
74958033967
74958032724
74958032774
74958032224
74958032414
74958032584
74958032936
74958032941
74958033072
74958033368
74958033384
74958033414
74958033415
74958033436
74958033812
74958033542
74958033708
74958033921
74958034148
74958034210
74958034215
74958034325
74958034370
74951165371
74958033187
74958033192
74958033097
74958033166
74958033402
74958033873
74958033928
74958034127
74958034146
74958034285
74958034402
74951166205
74951165757
74958032192
74958032266
74958032684
74958032969
74958033008
74958033073
74958033213
74958033221
74958033308
74958034214
74958034238
74958034398
74951166555
74951166611
74958032157
74958032517
74958032662
74958032770
74958033160
74958033433
74958033526
74958033954
74958033970
74958033988
74958034071
74958034159
74958034282
74958034339
74958034275
74958034144
74958032849
74958032952
74958033223
74958033241
74958033248
74958033298
74958033340
74958033419
74958033437
74958033552
74958033794
74958033881
74958033893
74958033940
74958034023
74958034085
74959671550
74957455533
74958033303
74958033338
74958033333
74958032306
74958032832
74958033413
74958034431
74958034432
74958405408
74958405429
74994264538
74951165105
74951165537
74951165661
74951165787
74951166760
74958032141
74994264542
74994264579
74994264586
74958032393
74994264510
74994264534
74994264502
74994264520
74994264623
74958032653
74958032707
74958032719
74958032850
74958033734
74958033784
74958033927
74958034262
74958034315
74958032165
74958033669
74958033695
74958033844
74958033958
74958034036
74958034055
74958034205
74958034302
74958034389
74958034390
74958034415
74958032312
74958032261
74958032500
74958032966
74958033060
74958033235
74958034412
74958034442
74958032244
74958032337
74958032985
74958032760
74958032960
74958033047
74958033075
74958033196
74958033342
74958033373
74958033496
74958033842
74958033859
74958033952
74958033963
74951165653
74951165707
74958032711
74958032870
74958032904
74958033156
74958033521
74958405467
74958032195
74958032223
74958032383
74958032396
74958032485
74958032401
74958032593
74958032745
74958032838
74958033188
74958033239
74958032669
74958033615
74951165741
74958033041
74994264580
74951165641
74958032247
74958032415
74958033127
74958033585
74958033840
74958033966
74958033998
74951165755
74951166570
74958033558
74958033759
74958033790
74958033919
74958034045
74958034122
74958032107
74958032466
74958032549
74958032689
74958034062
74958034216
74958034226
74958034289
74958032494
74958032200
74958032430
74958033598
74958034317
74958409267
74958032296
74958032874
74958032890
74958032895
74958033675
74958033731
74958033817
74958034145
74958034183
74958034360
74958034379
74958033808
74958034484
74958034495
74958034283
74958034486
74994264539
74958032668
74994264501
74994264627
74958033965
74958032174
74958032647
74958032892
74958033856
74958033984
74958034040
74958034424
74958034480
74951166544
74958032851
74958033023
74958034123
74958034130
74958034456
74958032876
74958032896
74958033155
74958033296
74958033580
74958033907
74958032203
74958032280
74958032918
74958033259
74958033953
74958032271
74958033541
74958034474
74958409291
74958032385
74958405428
74958409294
74951165373
74958032199
74958032505
74958032536
74958032759
74958032781
74958032807
74958033025
74958033588
74958033724
74958034080
74958034116
74958034246
74958034279
74958034326
74958034356
74951165705
74958032474
74958032556
74958032572
74958032827
74958033392
74958033715
74958034154
74958034446
74958034453
74958034476
74958032810
74958033944
74958034256
74958034284
74958034308
74958034420
74958032742
74958032000
74958032030
74958033634
74951166569
74958032419
74958032431
74958032802
74958032821
74958033193
74958034258
74958405462
74951165665
74958032644
74958032932
74958033238
74958033224
74958033747
74958033767
74958034383
74958032871
74958033244
74958033300
74958034014
74958034165
74994264550
74958405401
74958409290
74951165536
74958032268
74958032112
74958032553
74958032868
74958032749
74958032995
74958033317
74958033375
74958033378
74958034336
74958032726
74958033890
74958034381
74958405423
74958032216
74958032575
74958032273
74958032633
74958032639
74958033107
74958034027
74958033608
74958405409
74951165763
74958033048
74958033295
74958032115
74958032625
74958032733
74958032693
74958032790
74958033035
74958034217
74958034307
74958032992
74958033191
74958033225
74958033606
74958034004
74958405449
74958032215
74958032313
74958032382
74958033185
74958034209
74958034335
74958032652
74958032716
74958033345
74958033513
74958033537
74958033827
74958034111
74958033247
74958032984
74958033089
74958033701
74958033931
74958034022
74958034050
74958032366
74958032697
74958032848
74958033797
74958033935
74958034342
74958409252
74958033002
74958032188
74958032545
74958032783
74958033354
74958033575
74958033969
74958033999
74958034296
74958032971
74958033299
74958033680
74958033810
74958034102
74958032104
74958033905
74958032887
74958032938
74958032986
74958034077
74958034237
74958034092
74958032405
74958032543
74958034118
74958034147
74958032129
74958032131
74958032155
74958032170
74958032260
74994264527
74994264549
74994264565
74951165166
74994264512
74958032529
74958032905
74958032945
74958033357
74958033630
74958034204
74958032193
74958032590
74958033348
74958033506
74958033645
74958034054
74958034252
74958032186
74958032443
74958033189
74958033707
74958034075
74958409285
74958032878
74958033004
74958033253
74958033815
74958033246
74958033304
74958032704
74958032403
74958032465
74958033001
74958033804
74958034483
74958033499
74958034064
74958034078
74958034133
74958034199
74958034276
74958033758
74958034186
74994264624
74994264517
74951165858
74958033154
74958033281
74958032468
74958032787
74958033095
74958033208
74958033251
74958032123
74958032325
74958033600
74958033912
74958034221
74958034468
74958032857
74958033986
74958034058
74958034149
74958034393
74958033847
74958033632
74958034323
74958033754
74958034120
74958034173
74958033180
74958033294
74958033631
74958034068
74958034076
74958034394
74958032699
74958033236
74958034423
74958405453
74958405487
74958033071
74958405452
74958033046
74958033268
74958033358
74958033563
74958032125
74958032152
74958032950
74994264605
74958034435
74958032212
74958033729
74958034405
74958032411
74958032587
74958033287
74958405464
74958032483
74958032825
74958405482
74958409250
74958409266
74958409272
74958409284
74994264630
74958033096
74958033169
74958033789
74958033801
74958034351
74958032290
74958032755
74958033209
74958033685
74958033829
74958034481
74958032589
74958033977
74958033978
74958405486
74958032160
74958032532
74958033559
74958032117
74958032137
74958032191
74958032255
74958032336
74958034330
74958032990
74958034179
74958034259
74958032916
74958033439
74958409278
74958032540
74958032449
74958033080
74958033078
74958033578
74951166560
74958032461
74958405404
74958032817
74958032856
74958033593
74958034269
74958032435
74958033766
74958033955
74958034052
74958034099
74958409277
74958033215
74958034236
74958033687
74958034376
74958032931
74958033165
74958033528
74958033775
74958032387
74958033678
74958033898
74958032145
74958032829
74958033305
74958032429
74958032594
74958034397
74958032533
74958032961
74958033026
74958033951
74958032142
74958032813
74958032977
74958032788
74958033157
74958034220
74958034245
74958032771
74958032812
74958033282
74958033567
74958033728
74958033009
74958034410
74951165758
74958033367
74958034059
74958033538
74958032274
74951165663
74958032965
74958033420
74958034015
74958033125
74958034250
74958034418
74958034470
74951165538
74958032300
74958032957
74951165664
74958034164
74958034374
74958032728
74958034213
74958034318
74958034026
74958033176
74958034189
74958032120
74958032580
74958032718
74958034029
74958034428
74958032436
74958032869
74958032297
74958033904
74958032277
74958034131
74958032833
74958032944
74958034074
74958034494
74958034368
74958033020
74958033388
74958032534
74958034166
74958033118
74958033845
74958032767
74958033798
74958032901
74958033200
74958033359
74958033909
74958034247
74958033891
74958032637
74958033627
74958034025
74958033245
74958033740
74958032805
74958033561
74958033121
74958033826
74958034458
74951166588
74958034294
74958032860
74958033227
74958405491
74958405418
74958032909
74958034016