74951165059
74951165070
74951165131
74951165166
74951165224
74951165508
74951165531
74951165644
74951165680
74951165681
74951165682
74951165683
74951165684
74951165685
74951165686
74951165687
74951165688
74951165689
74951165890
74951165955
74951165995
74951166556
74951166770
74951166888
74951166999
74958032160
74958032203
74958032299
74958032369
74958032483
74958032634
74958032678
74958032869
74958032872
74958032896
74958032946
74958032949
74958032953
74958032959
74958032963
74958032969
74958032971
74958032973
74958032979
74958032983
74958032989
74958032993
74958033060
74958033097
74958033107
74958033109
74958033115
74958033322
74958033348
74958033503
74958033526
74958033528
74958033531
74958033536
74958033558
74958033569
74958033686
74958033765
74958033780
74958033783
74958033831
74958033843
74958033903
74958034052
74958034080
74958034126
74958034175
74958034200
74958034329
74958034381
74958034436
74958034454
74958405440
74994264605
74994264639
