27
14
19
22
17
30
50 000 000
1887 / 28.02.2016 23:00
11
22
32
12
16
33
50 000 000
1886 / 28.02.2016 11:00
27
26
28
21
37
16
50 000 000
1885 / 27.02.2016 23:00
11
13
45
42
1
7
358 358 466
1884 / 27.02.2016 11:00
28
34
11
3
44
7
354 263 761
1883 / 26.02.2016 23:00
9
12
15
5
23
21
351 525 707
1882 / 26.02.2016 11:00
5
18
42
1
36
30
349 662 586
1881 / 25.02.2016 23:00
26
43
27
11
2
15
346 801 927
1880 / 25.02.2016 11:00
21
39
30
25
20
2
345 368 239
1879 / 24.02.2016 23:00
11
2
38
8
36
4
342 940 423
1878 / 24.02.2016 11:00
23
29
39
5
28
2
341 651 203
1877 / 23.02.2016 23:00
28
38
34
44
19
31
339 385 249
1876 / 23.02.2016 11:00
11
38
39
13
19
4
337 951 291
1875 / 22.02.2016 23:00
9
26
18
39
28
24
335 554 132
1874 / 22.02.2016 11:00
26
29
30
38
27
39
334 082 439
1873 / 21.02.2016 23:00
39
15
3
42
2
27
331 744 085
1872 / 21.02.2016 11:00
24
28
37
10
2
4
330 219 756
1871 / 20.02.2016 23:00
32
40
34
11
43
1
327 312 446
1870 / 20.02.2016 11:00
22
29
37
12
44
40
325 464 849
1869 / 19.02.2016 23:00
21
9
12
2
19
33
322 618 554
1868 / 19.02.2016 11:00
13
16
28
1
27
18
321 021 174
1867 / 18.02.2016 23:00
45
37
38
9
17
40
318 011 384
1866 / 18.02.2016 11:00
42
33
29
12
30
10
316 235 096
1865 / 17.02.2016 23:00
7
29
5
13
21
32
313 582 681
1864 / 17.02.2016 11:00
32
6
26
8
14
35
312 010 871
1863 / 16.02.2016 23:00
2
19
28
44
4
15
309 288 853
1862 / 16.02.2016 11:00
36
34
24
22
37
16
307 556 888
1861 / 15.02.2016 23:00
25
5
23
38
19
13
304 837 782
1860 / 15.02.2016 11:00
13
3
34
27
12
40
303 335 569
1859 / 14.02.2016 23:00
7
5
28
2
25
6
301 160 070
1858 / 14.02.2016 11:00
36
2
14
12
33
44
299 709 266
1857 / 13.02.2016 23:00
44
32
24
38
8
19
298 715 797
1856 / 13.02.2016 11:00
8
41
18
31
21
33
297 658 979
1855 / 12.02.2016 23:00
7
32
20
13
41
11
294 709 954
1854 / 12.02.2016 11:00
38
26
32
21
7
24
293 065 159
1853 / 11.02.2016 23:00
2
4
41
25
36
26
290 147 679
1852 / 11.02.2016 11:00
44
31
43
23
15
37
288 404 779
1851 / 10.02.2016 23:00
5
26
8
22
21
17
285 737 307
1850 / 10.02.2016 11:00
42
5
7
31
9
10
284 118 593
1849 / 09.02.2016 23:00
24
43
4
21
42
6
281 179 646
1848 / 09.02.2016 11:00
36
10
5
43
16
11
279 724 873
1847 / 08.02.2016 23:00
13
20
26
37
40
22
277 275 621
1846 / 08.02.2016 11:00
34
9
23
42
7
28
276 138 544
1845 / 07.02.2016 23:00
36
2
31
10
12
8
274 115 661
1844 / 07.02.2016 11:00
8
11
45
43
3
32
272 931 079
1843 / 06.02.2016 23:00
20
28
21
17
5
33
270 834 262
1842 / 06.02.2016 11:00
27
10
1
37
22
13
269 518 516
1841 / 05.02.2016 23:00
13
5
15
25
24
30
267 049 693
1840 / 05.02.2016 11:00
43
38
3
17
19
39
265 630 633
1839 / 04.02.2016 23:00
6
38
19
32
29
33
263 137 476
1838 / 04.02.2016 11:00
34
35
28
19
24
25
261 719 787
1837 / 03.02.2016 23:00
39
38
22
7
5
44
259 276 934
1836 / 03.02.2016 11:00
10
45
13
25
32
9
257 862 120
1835 / 02.02.2016 23:00
40
14
20
26
12
33
255 310 196
1834 / 02.02.2016 11:00
5
7
18
24
21
41
253 901 403
1833 / 01.02.2016 23:00
10
40
38
28
32
12
251 205 257
1832 / 01.02.2016 11:00
10
36
45
33
27
31
249 787 105

